15 1
17 1
21 1
29 1
35 1
39 1
48 1
50 1
56 1
63 1
66 1
79 1
80 1
87 1
95 1
101 1
102 1
105 1
113 1
116 1
118 1
119 1
120 1
122 1
123 1
131 1
132 1
134 1
150 1
153 1
154 1
164 1
172 1
179 1
181 1
184 1
185 1
194 1
196 1
205 1
209 1
210 1
211 1
213 1
222 1
223 1
240 1
242 1
253 1
255 1
265 1
267 1
268 1
271 1
272 1
273 1
275 1
285 1
311 1
335 1
431 1
448 1
481 1
492 1
494 1
496 1
499 1
511 1
513 1
533 1
601 1
603 1
662 1
709 1
743 1
751 1
762 1
765 1
771 1
778 1
779 1
784 1
786 1
791 1
804 1
819 1
826 1
845 1
875 1
938 1
939 1
987 1
